 17.376	2.000  1
 19.376	1.904  1
 21.280	9.872  1
 31.152	4.544  1
 35.696 10.000 1
 45.696	2.000  1
 47.696	1.992  1
 49.688	9.864  1
 59.552	4.480  1
 64.032 10.000 1
 74.032	2.000  1
 76.032	1.976  1
 78.008	9.888  1
 87.896	4.384  1
 92.280 10.000 1
102.280	2.000  1
104.280	1.980  1
106.260	9.960  1
116.220	4.440  1
120.660 10.000 1
130.660	2.000  1
132.660	1.980  1
134.640	9.900  1
144.540	4.500  1
149.040 10.000 1
159.040	2.000  1
161.040	1.980  1
163.020	9.840  1
172.860	4.500  1
177.360 10.000 1
187.360	2.000  1
189.360	1.920  1
191.280	9.960  1
201.240	4.500  1
205.740 10.000 1
215.740	2.000  1
217.740	1.980  1
219.720	9.840  1
229.560	4.560  1
234.120 10.000 1
244.120	2.000  1
246.120	1.920  1
248.040	9.960  1
258.000	4.500  1
262.500 10.000 1
272.500	2.000  1
274.500	1.980  1
276.480	9.960  1
286.440	2.120  1
288.560	10.00  1


